{
 "cells": [
  {
   "cell_type": "code",
   "execution_count": 22,
   "id": "b9b54e68",
   "metadata": {},
   "outputs": [],
   "source": [
    "import pandas as pd \n",
    "import seaborn as sns\n",
    "import matplotlib.pyplot as plt\n",
    "from sklearn.preprocessing import MinMaxScaler, StandardScaler\n",
    "from sklearn.model_selection import train_test_split\n",
    "from sklearn.linear_model import LogisticRegression"
   ]
  },
  {
   "cell_type": "code",
   "execution_count": 2,
   "id": "ca0af5b1",
   "metadata": {},
   "outputs": [
    {
     "data": {
      "text/html": [
       "<div>\n",
       "<style scoped>\n",
       "    .dataframe tbody tr th:only-of-type {\n",
       "        vertical-align: middle;\n",
       "    }\n",
       "\n",
       "    .dataframe tbody tr th {\n",
       "        vertical-align: top;\n",
       "    }\n",
       "\n",
       "    .dataframe thead th {\n",
       "        text-align: right;\n",
       "    }\n",
       "</style>\n",
       "<table border=\"1\" class=\"dataframe\">\n",
       "  <thead>\n",
       "    <tr style=\"text-align: right;\">\n",
       "      <th></th>\n",
       "      <th>Account Length</th>\n",
       "      <th>VMail Message</th>\n",
       "      <th>Day Mins</th>\n",
       "      <th>Eve Mins</th>\n",
       "      <th>Night Mins</th>\n",
       "      <th>Intl Mins</th>\n",
       "      <th>CustServ Calls</th>\n",
       "      <th>Intl Plan</th>\n",
       "      <th>VMail Plan</th>\n",
       "      <th>Day Calls</th>\n",
       "      <th>...</th>\n",
       "      <th>Eve Calls</th>\n",
       "      <th>Eve Charge</th>\n",
       "      <th>Night Calls</th>\n",
       "      <th>Night Charge</th>\n",
       "      <th>Intl Calls</th>\n",
       "      <th>Intl Charge</th>\n",
       "      <th>State</th>\n",
       "      <th>Area Code</th>\n",
       "      <th>Phone</th>\n",
       "      <th>Churn</th>\n",
       "    </tr>\n",
       "  </thead>\n",
       "  <tbody>\n",
       "    <tr>\n",
       "      <th>0</th>\n",
       "      <td>128</td>\n",
       "      <td>25</td>\n",
       "      <td>265.1</td>\n",
       "      <td>197.4</td>\n",
       "      <td>244.7</td>\n",
       "      <td>10.0</td>\n",
       "      <td>1</td>\n",
       "      <td>0</td>\n",
       "      <td>1</td>\n",
       "      <td>110</td>\n",
       "      <td>...</td>\n",
       "      <td>99</td>\n",
       "      <td>16.78</td>\n",
       "      <td>91</td>\n",
       "      <td>11.01</td>\n",
       "      <td>3</td>\n",
       "      <td>2.70</td>\n",
       "      <td>KS</td>\n",
       "      <td>415</td>\n",
       "      <td>382-4657</td>\n",
       "      <td>0</td>\n",
       "    </tr>\n",
       "    <tr>\n",
       "      <th>1</th>\n",
       "      <td>107</td>\n",
       "      <td>26</td>\n",
       "      <td>161.6</td>\n",
       "      <td>195.5</td>\n",
       "      <td>254.4</td>\n",
       "      <td>13.7</td>\n",
       "      <td>1</td>\n",
       "      <td>0</td>\n",
       "      <td>1</td>\n",
       "      <td>123</td>\n",
       "      <td>...</td>\n",
       "      <td>103</td>\n",
       "      <td>16.62</td>\n",
       "      <td>103</td>\n",
       "      <td>11.45</td>\n",
       "      <td>3</td>\n",
       "      <td>3.70</td>\n",
       "      <td>OH</td>\n",
       "      <td>415</td>\n",
       "      <td>371-7191</td>\n",
       "      <td>0</td>\n",
       "    </tr>\n",
       "    <tr>\n",
       "      <th>2</th>\n",
       "      <td>137</td>\n",
       "      <td>0</td>\n",
       "      <td>243.4</td>\n",
       "      <td>121.2</td>\n",
       "      <td>162.6</td>\n",
       "      <td>12.2</td>\n",
       "      <td>0</td>\n",
       "      <td>0</td>\n",
       "      <td>0</td>\n",
       "      <td>114</td>\n",
       "      <td>...</td>\n",
       "      <td>110</td>\n",
       "      <td>10.30</td>\n",
       "      <td>104</td>\n",
       "      <td>7.32</td>\n",
       "      <td>5</td>\n",
       "      <td>3.29</td>\n",
       "      <td>NJ</td>\n",
       "      <td>415</td>\n",
       "      <td>358-1921</td>\n",
       "      <td>0</td>\n",
       "    </tr>\n",
       "    <tr>\n",
       "      <th>3</th>\n",
       "      <td>84</td>\n",
       "      <td>0</td>\n",
       "      <td>299.4</td>\n",
       "      <td>61.9</td>\n",
       "      <td>196.9</td>\n",
       "      <td>6.6</td>\n",
       "      <td>2</td>\n",
       "      <td>1</td>\n",
       "      <td>0</td>\n",
       "      <td>71</td>\n",
       "      <td>...</td>\n",
       "      <td>88</td>\n",
       "      <td>5.26</td>\n",
       "      <td>89</td>\n",
       "      <td>8.86</td>\n",
       "      <td>7</td>\n",
       "      <td>1.78</td>\n",
       "      <td>OH</td>\n",
       "      <td>408</td>\n",
       "      <td>375-9999</td>\n",
       "      <td>0</td>\n",
       "    </tr>\n",
       "    <tr>\n",
       "      <th>4</th>\n",
       "      <td>75</td>\n",
       "      <td>0</td>\n",
       "      <td>166.7</td>\n",
       "      <td>148.3</td>\n",
       "      <td>186.9</td>\n",
       "      <td>10.1</td>\n",
       "      <td>3</td>\n",
       "      <td>1</td>\n",
       "      <td>0</td>\n",
       "      <td>113</td>\n",
       "      <td>...</td>\n",
       "      <td>122</td>\n",
       "      <td>12.61</td>\n",
       "      <td>121</td>\n",
       "      <td>8.41</td>\n",
       "      <td>3</td>\n",
       "      <td>2.73</td>\n",
       "      <td>OK</td>\n",
       "      <td>415</td>\n",
       "      <td>330-6626</td>\n",
       "      <td>0</td>\n",
       "    </tr>\n",
       "  </tbody>\n",
       "</table>\n",
       "<p>5 rows × 21 columns</p>\n",
       "</div>"
      ],
      "text/plain": [
       "   Account Length  VMail Message  Day Mins  Eve Mins  Night Mins  Intl Mins  \\\n",
       "0             128             25     265.1     197.4       244.7       10.0   \n",
       "1             107             26     161.6     195.5       254.4       13.7   \n",
       "2             137              0     243.4     121.2       162.6       12.2   \n",
       "3              84              0     299.4      61.9       196.9        6.6   \n",
       "4              75              0     166.7     148.3       186.9       10.1   \n",
       "\n",
       "   CustServ Calls  Intl Plan  VMail Plan  Day Calls  ...  Eve Calls  \\\n",
       "0               1          0           1        110  ...         99   \n",
       "1               1          0           1        123  ...        103   \n",
       "2               0          0           0        114  ...        110   \n",
       "3               2          1           0         71  ...         88   \n",
       "4               3          1           0        113  ...        122   \n",
       "\n",
       "   Eve Charge  Night Calls  Night Charge  Intl Calls  Intl Charge  State  \\\n",
       "0       16.78           91         11.01           3         2.70     KS   \n",
       "1       16.62          103         11.45           3         3.70     OH   \n",
       "2       10.30          104          7.32           5         3.29     NJ   \n",
       "3        5.26           89          8.86           7         1.78     OH   \n",
       "4       12.61          121          8.41           3         2.73     OK   \n",
       "\n",
       "  Area Code     Phone Churn  \n",
       "0       415  382-4657     0  \n",
       "1       415  371-7191     0  \n",
       "2       415  358-1921     0  \n",
       "3       408  375-9999     0  \n",
       "4       415  330-6626     0  \n",
       "\n",
       "[5 rows x 21 columns]"
      ]
     },
     "execution_count": 2,
     "metadata": {},
     "output_type": "execute_result"
    }
   ],
   "source": [
    "churn = pd.read_csv(r\"C:\\Users\\visha\\OneDrive\\Scaler Academy\\Datasets\\churn_logistic.csv\")\n",
    "churn.head()"
   ]
  },
  {
   "cell_type": "code",
   "execution_count": 7,
   "id": "68ec0f4f",
   "metadata": {},
   "outputs": [
    {
     "data": {
      "text/plain": [
       "(5700, 21)"
      ]
     },
     "execution_count": 7,
     "metadata": {},
     "output_type": "execute_result"
    }
   ],
   "source": [
    "churn.shape"
   ]
  },
  {
   "cell_type": "code",
   "execution_count": 3,
   "id": "f05e04fc",
   "metadata": {},
   "outputs": [
    {
     "data": {
      "text/plain": [
       "0    2850\n",
       "1    2850\n",
       "Name: Churn, dtype: int64"
      ]
     },
     "execution_count": 3,
     "metadata": {},
     "output_type": "execute_result"
    }
   ],
   "source": [
    "# Inspect the target variable , check the counts of 0 and 1 \n",
    "churn.Churn.value_counts()"
   ]
  },
  {
   "cell_type": "markdown",
   "id": "313cc346",
   "metadata": {},
   "source": [
    "> if the value is greater then then it has high multicollinearity. one means 2 varible is fully correlated. \n",
    "here it is difficult to check which variable has high correlation. we can use the heat map to visulaize it easily"
   ]
  },
  {
   "cell_type": "code",
   "execution_count": 4,
   "id": "8c43fa0e",
   "metadata": {},
   "outputs": [
    {
     "data": {
      "text/html": [
       "<div>\n",
       "<style scoped>\n",
       "    .dataframe tbody tr th:only-of-type {\n",
       "        vertical-align: middle;\n",
       "    }\n",
       "\n",
       "    .dataframe tbody tr th {\n",
       "        vertical-align: top;\n",
       "    }\n",
       "\n",
       "    .dataframe thead th {\n",
       "        text-align: right;\n",
       "    }\n",
       "</style>\n",
       "<table border=\"1\" class=\"dataframe\">\n",
       "  <thead>\n",
       "    <tr style=\"text-align: right;\">\n",
       "      <th></th>\n",
       "      <th>Account Length</th>\n",
       "      <th>VMail Message</th>\n",
       "      <th>Day Mins</th>\n",
       "      <th>Eve Mins</th>\n",
       "      <th>Night Mins</th>\n",
       "      <th>Intl Mins</th>\n",
       "      <th>CustServ Calls</th>\n",
       "      <th>Intl Plan</th>\n",
       "      <th>VMail Plan</th>\n",
       "      <th>Day Calls</th>\n",
       "      <th>Day Charge</th>\n",
       "      <th>Eve Calls</th>\n",
       "      <th>Eve Charge</th>\n",
       "      <th>Night Calls</th>\n",
       "      <th>Night Charge</th>\n",
       "      <th>Intl Calls</th>\n",
       "      <th>Intl Charge</th>\n",
       "      <th>Area Code</th>\n",
       "      <th>Churn</th>\n",
       "    </tr>\n",
       "  </thead>\n",
       "  <tbody>\n",
       "    <tr>\n",
       "      <th>Account Length</th>\n",
       "      <td>1.000000</td>\n",
       "      <td>0.011789</td>\n",
       "      <td>0.004564</td>\n",
       "      <td>-0.002186</td>\n",
       "      <td>-0.044533</td>\n",
       "      <td>0.011056</td>\n",
       "      <td>0.008875</td>\n",
       "      <td>0.036037</td>\n",
       "      <td>0.018248</td>\n",
       "      <td>0.032344</td>\n",
       "      <td>0.004566</td>\n",
       "      <td>0.043553</td>\n",
       "      <td>-0.002178</td>\n",
       "      <td>-0.009046</td>\n",
       "      <td>-0.044525</td>\n",
       "      <td>0.022312</td>\n",
       "      <td>0.011036</td>\n",
       "      <td>-0.053540</td>\n",
       "      <td>0.015886</td>\n",
       "    </tr>\n",
       "    <tr>\n",
       "      <th>VMail Message</th>\n",
       "      <td>0.011789</td>\n",
       "      <td>1.000000</td>\n",
       "      <td>-0.104007</td>\n",
       "      <td>-0.033322</td>\n",
       "      <td>-0.030805</td>\n",
       "      <td>0.019169</td>\n",
       "      <td>0.012681</td>\n",
       "      <td>0.045794</td>\n",
       "      <td>0.961267</td>\n",
       "      <td>-0.004139</td>\n",
       "      <td>-0.104004</td>\n",
       "      <td>0.003754</td>\n",
       "      <td>-0.033291</td>\n",
       "      <td>0.008852</td>\n",
       "      <td>-0.030863</td>\n",
       "      <td>0.043756</td>\n",
       "      <td>0.019177</td>\n",
       "      <td>0.013022</td>\n",
       "      <td>-0.135798</td>\n",
       "    </tr>\n",
       "    <tr>\n",
       "      <th>Day Mins</th>\n",
       "      <td>0.004564</td>\n",
       "      <td>-0.104007</td>\n",
       "      <td>1.000000</td>\n",
       "      <td>0.139616</td>\n",
       "      <td>0.068947</td>\n",
       "      <td>0.006526</td>\n",
       "      <td>-0.189754</td>\n",
       "      <td>0.003526</td>\n",
       "      <td>-0.107875</td>\n",
       "      <td>0.033672</td>\n",
       "      <td>1.000000</td>\n",
       "      <td>0.015095</td>\n",
       "      <td>0.139588</td>\n",
       "      <td>0.051255</td>\n",
       "      <td>0.068926</td>\n",
       "      <td>0.037390</td>\n",
       "      <td>0.006770</td>\n",
       "      <td>-0.027064</td>\n",
       "      <td>0.252872</td>\n",
       "    </tr>\n",
       "    <tr>\n",
       "      <th>Eve Mins</th>\n",
       "      <td>-0.002186</td>\n",
       "      <td>-0.033322</td>\n",
       "      <td>0.139616</td>\n",
       "      <td>1.000000</td>\n",
       "      <td>-0.002052</td>\n",
       "      <td>0.003427</td>\n",
       "      <td>-0.091823</td>\n",
       "      <td>0.029898</td>\n",
       "      <td>-0.027109</td>\n",
       "      <td>0.017075</td>\n",
       "      <td>0.139618</td>\n",
       "      <td>0.011644</td>\n",
       "      <td>1.000000</td>\n",
       "      <td>0.043977</td>\n",
       "      <td>-0.002114</td>\n",
       "      <td>-0.015453</td>\n",
       "      <td>0.003376</td>\n",
       "      <td>0.005082</td>\n",
       "      <td>0.124518</td>\n",
       "    </tr>\n",
       "    <tr>\n",
       "      <th>Night Mins</th>\n",
       "      <td>-0.044533</td>\n",
       "      <td>-0.030805</td>\n",
       "      <td>0.068947</td>\n",
       "      <td>-0.002052</td>\n",
       "      <td>1.000000</td>\n",
       "      <td>-0.029546</td>\n",
       "      <td>-0.046834</td>\n",
       "      <td>-0.077787</td>\n",
       "      <td>-0.034514</td>\n",
       "      <td>0.016829</td>\n",
       "      <td>0.068944</td>\n",
       "      <td>-0.011866</td>\n",
       "      <td>-0.002053</td>\n",
       "      <td>0.003351</td>\n",
       "      <td>0.999999</td>\n",
       "      <td>-0.004103</td>\n",
       "      <td>-0.029493</td>\n",
       "      <td>-0.001191</td>\n",
       "      <td>0.055394</td>\n",
       "    </tr>\n",
       "    <tr>\n",
       "      <th>Intl Mins</th>\n",
       "      <td>0.011056</td>\n",
       "      <td>0.019169</td>\n",
       "      <td>0.006526</td>\n",
       "      <td>0.003427</td>\n",
       "      <td>-0.029546</td>\n",
       "      <td>1.000000</td>\n",
       "      <td>-0.036683</td>\n",
       "      <td>0.158024</td>\n",
       "      <td>0.020768</td>\n",
       "      <td>0.011332</td>\n",
       "      <td>0.006524</td>\n",
       "      <td>-0.007976</td>\n",
       "      <td>0.003414</td>\n",
       "      <td>0.033223</td>\n",
       "      <td>-0.029574</td>\n",
       "      <td>0.037316</td>\n",
       "      <td>0.999993</td>\n",
       "      <td>-0.015421</td>\n",
       "      <td>0.088293</td>\n",
       "    </tr>\n",
       "    <tr>\n",
       "      <th>CustServ Calls</th>\n",
       "      <td>0.008875</td>\n",
       "      <td>0.012681</td>\n",
       "      <td>-0.189754</td>\n",
       "      <td>-0.091823</td>\n",
       "      <td>-0.046834</td>\n",
       "      <td>-0.036683</td>\n",
       "      <td>1.000000</td>\n",
       "      <td>-0.065908</td>\n",
       "      <td>0.008368</td>\n",
       "      <td>-0.006075</td>\n",
       "      <td>-0.189754</td>\n",
       "      <td>0.003466</td>\n",
       "      <td>-0.091831</td>\n",
       "      <td>-0.023973</td>\n",
       "      <td>-0.046838</td>\n",
       "      <td>-0.034975</td>\n",
       "      <td>-0.036798</td>\n",
       "      <td>0.012072</td>\n",
       "      <td>0.251015</td>\n",
       "    </tr>\n",
       "    <tr>\n",
       "      <th>Intl Plan</th>\n",
       "      <td>0.036037</td>\n",
       "      <td>0.045794</td>\n",
       "      <td>0.003526</td>\n",
       "      <td>0.029898</td>\n",
       "      <td>-0.077787</td>\n",
       "      <td>0.158024</td>\n",
       "      <td>-0.065908</td>\n",
       "      <td>1.000000</td>\n",
       "      <td>0.054449</td>\n",
       "      <td>-0.047392</td>\n",
       "      <td>0.003527</td>\n",
       "      <td>-0.016155</td>\n",
       "      <td>0.029915</td>\n",
       "      <td>0.017933</td>\n",
       "      <td>-0.077805</td>\n",
       "      <td>-0.044742</td>\n",
       "      <td>0.157794</td>\n",
       "      <td>0.050064</td>\n",
       "      <td>0.291062</td>\n",
       "    </tr>\n",
       "    <tr>\n",
       "      <th>VMail Plan</th>\n",
       "      <td>0.018248</td>\n",
       "      <td>0.961267</td>\n",
       "      <td>-0.107875</td>\n",
       "      <td>-0.027109</td>\n",
       "      <td>-0.034514</td>\n",
       "      <td>0.020768</td>\n",
       "      <td>0.008368</td>\n",
       "      <td>0.054449</td>\n",
       "      <td>1.000000</td>\n",
       "      <td>-0.004035</td>\n",
       "      <td>-0.107872</td>\n",
       "      <td>0.005710</td>\n",
       "      <td>-0.027085</td>\n",
       "      <td>0.021642</td>\n",
       "      <td>-0.034566</td>\n",
       "      <td>0.043064</td>\n",
       "      <td>0.020793</td>\n",
       "      <td>0.004742</td>\n",
       "      <td>-0.152296</td>\n",
       "    </tr>\n",
       "    <tr>\n",
       "      <th>Day Calls</th>\n",
       "      <td>0.032344</td>\n",
       "      <td>-0.004139</td>\n",
       "      <td>0.033672</td>\n",
       "      <td>0.017075</td>\n",
       "      <td>0.016829</td>\n",
       "      <td>0.011332</td>\n",
       "      <td>-0.006075</td>\n",
       "      <td>-0.047392</td>\n",
       "      <td>-0.004035</td>\n",
       "      <td>1.000000</td>\n",
       "      <td>0.033667</td>\n",
       "      <td>0.011825</td>\n",
       "      <td>0.017072</td>\n",
       "      <td>-0.020394</td>\n",
       "      <td>0.016806</td>\n",
       "      <td>0.023909</td>\n",
       "      <td>0.011476</td>\n",
       "      <td>-0.000091</td>\n",
       "      <td>0.014876</td>\n",
       "    </tr>\n",
       "    <tr>\n",
       "      <th>Day Charge</th>\n",
       "      <td>0.004566</td>\n",
       "      <td>-0.104004</td>\n",
       "      <td>1.000000</td>\n",
       "      <td>0.139618</td>\n",
       "      <td>0.068944</td>\n",
       "      <td>0.006524</td>\n",
       "      <td>-0.189754</td>\n",
       "      <td>0.003527</td>\n",
       "      <td>-0.107872</td>\n",
       "      <td>0.033667</td>\n",
       "      <td>1.000000</td>\n",
       "      <td>0.015091</td>\n",
       "      <td>0.139590</td>\n",
       "      <td>0.051258</td>\n",
       "      <td>0.068923</td>\n",
       "      <td>0.037397</td>\n",
       "      <td>0.006767</td>\n",
       "      <td>-0.027066</td>\n",
       "      <td>0.252870</td>\n",
       "    </tr>\n",
       "    <tr>\n",
       "      <th>Eve Calls</th>\n",
       "      <td>0.043553</td>\n",
       "      <td>0.003754</td>\n",
       "      <td>0.015095</td>\n",
       "      <td>0.011644</td>\n",
       "      <td>-0.011866</td>\n",
       "      <td>-0.007976</td>\n",
       "      <td>0.003466</td>\n",
       "      <td>-0.016155</td>\n",
       "      <td>0.005710</td>\n",
       "      <td>0.011825</td>\n",
       "      <td>0.015091</td>\n",
       "      <td>1.000000</td>\n",
       "      <td>0.011658</td>\n",
       "      <td>0.015058</td>\n",
       "      <td>-0.011861</td>\n",
       "      <td>0.024087</td>\n",
       "      <td>-0.007943</td>\n",
       "      <td>-0.008776</td>\n",
       "      <td>0.009665</td>\n",
       "    </tr>\n",
       "    <tr>\n",
       "      <th>Eve Charge</th>\n",
       "      <td>-0.002178</td>\n",
       "      <td>-0.033291</td>\n",
       "      <td>0.139588</td>\n",
       "      <td>1.000000</td>\n",
       "      <td>-0.002053</td>\n",
       "      <td>0.003414</td>\n",
       "      <td>-0.091831</td>\n",
       "      <td>0.029915</td>\n",
       "      <td>-0.027085</td>\n",
       "      <td>0.017072</td>\n",
       "      <td>0.139590</td>\n",
       "      <td>0.011658</td>\n",
       "      <td>1.000000</td>\n",
       "      <td>0.043963</td>\n",
       "      <td>-0.002115</td>\n",
       "      <td>-0.015438</td>\n",
       "      <td>0.003363</td>\n",
       "      <td>0.005110</td>\n",
       "      <td>0.124499</td>\n",
       "    </tr>\n",
       "    <tr>\n",
       "      <th>Night Calls</th>\n",
       "      <td>-0.009046</td>\n",
       "      <td>0.008852</td>\n",
       "      <td>0.051255</td>\n",
       "      <td>0.043977</td>\n",
       "      <td>0.003351</td>\n",
       "      <td>0.033223</td>\n",
       "      <td>-0.023973</td>\n",
       "      <td>0.017933</td>\n",
       "      <td>0.021642</td>\n",
       "      <td>-0.020394</td>\n",
       "      <td>0.051258</td>\n",
       "      <td>0.015058</td>\n",
       "      <td>0.043963</td>\n",
       "      <td>1.000000</td>\n",
       "      <td>0.003344</td>\n",
       "      <td>0.008452</td>\n",
       "      <td>0.033313</td>\n",
       "      <td>0.020900</td>\n",
       "      <td>-0.000223</td>\n",
       "    </tr>\n",
       "    <tr>\n",
       "      <th>Night Charge</th>\n",
       "      <td>-0.044525</td>\n",
       "      <td>-0.030863</td>\n",
       "      <td>0.068926</td>\n",
       "      <td>-0.002114</td>\n",
       "      <td>0.999999</td>\n",
       "      <td>-0.029574</td>\n",
       "      <td>-0.046838</td>\n",
       "      <td>-0.077805</td>\n",
       "      <td>-0.034566</td>\n",
       "      <td>0.016806</td>\n",
       "      <td>0.068923</td>\n",
       "      <td>-0.011861</td>\n",
       "      <td>-0.002115</td>\n",
       "      <td>0.003344</td>\n",
       "      <td>1.000000</td>\n",
       "      <td>-0.004094</td>\n",
       "      <td>-0.029520</td>\n",
       "      <td>-0.001226</td>\n",
       "      <td>0.055383</td>\n",
       "    </tr>\n",
       "    <tr>\n",
       "      <th>Intl Calls</th>\n",
       "      <td>0.022312</td>\n",
       "      <td>0.043756</td>\n",
       "      <td>0.037390</td>\n",
       "      <td>-0.015453</td>\n",
       "      <td>-0.004103</td>\n",
       "      <td>0.037316</td>\n",
       "      <td>-0.034975</td>\n",
       "      <td>-0.044742</td>\n",
       "      <td>0.043064</td>\n",
       "      <td>0.023909</td>\n",
       "      <td>0.037397</td>\n",
       "      <td>0.024087</td>\n",
       "      <td>-0.015438</td>\n",
       "      <td>0.008452</td>\n",
       "      <td>-0.004094</td>\n",
       "      <td>1.000000</td>\n",
       "      <td>0.037448</td>\n",
       "      <td>-0.039209</td>\n",
       "      <td>-0.071431</td>\n",
       "    </tr>\n",
       "    <tr>\n",
       "      <th>Intl Charge</th>\n",
       "      <td>0.011036</td>\n",
       "      <td>0.019177</td>\n",
       "      <td>0.006770</td>\n",
       "      <td>0.003376</td>\n",
       "      <td>-0.029493</td>\n",
       "      <td>0.999993</td>\n",
       "      <td>-0.036798</td>\n",
       "      <td>0.157794</td>\n",
       "      <td>0.020793</td>\n",
       "      <td>0.011476</td>\n",
       "      <td>0.006767</td>\n",
       "      <td>-0.007943</td>\n",
       "      <td>0.003363</td>\n",
       "      <td>0.033313</td>\n",
       "      <td>-0.029520</td>\n",
       "      <td>0.037448</td>\n",
       "      <td>1.000000</td>\n",
       "      <td>-0.015576</td>\n",
       "      <td>0.088304</td>\n",
       "    </tr>\n",
       "    <tr>\n",
       "      <th>Area Code</th>\n",
       "      <td>-0.053540</td>\n",
       "      <td>0.013022</td>\n",
       "      <td>-0.027064</td>\n",
       "      <td>0.005082</td>\n",
       "      <td>-0.001191</td>\n",
       "      <td>-0.015421</td>\n",
       "      <td>0.012072</td>\n",
       "      <td>0.050064</td>\n",
       "      <td>0.004742</td>\n",
       "      <td>-0.000091</td>\n",
       "      <td>-0.027066</td>\n",
       "      <td>-0.008776</td>\n",
       "      <td>0.005110</td>\n",
       "      <td>0.020900</td>\n",
       "      <td>-0.001226</td>\n",
       "      <td>-0.039209</td>\n",
       "      <td>-0.015576</td>\n",
       "      <td>1.000000</td>\n",
       "      <td>0.018452</td>\n",
       "    </tr>\n",
       "    <tr>\n",
       "      <th>Churn</th>\n",
       "      <td>0.015886</td>\n",
       "      <td>-0.135798</td>\n",
       "      <td>0.252872</td>\n",
       "      <td>0.124518</td>\n",
       "      <td>0.055394</td>\n",
       "      <td>0.088293</td>\n",
       "      <td>0.251015</td>\n",
       "      <td>0.291062</td>\n",
       "      <td>-0.152296</td>\n",
       "      <td>0.014876</td>\n",
       "      <td>0.252870</td>\n",
       "      <td>0.009665</td>\n",
       "      <td>0.124499</td>\n",
       "      <td>-0.000223</td>\n",
       "      <td>0.055383</td>\n",
       "      <td>-0.071431</td>\n",
       "      <td>0.088304</td>\n",
       "      <td>0.018452</td>\n",
       "      <td>1.000000</td>\n",
       "    </tr>\n",
       "  </tbody>\n",
       "</table>\n",
       "</div>"
      ],
      "text/plain": [
       "                Account Length  VMail Message  Day Mins  Eve Mins  Night Mins  \\\n",
       "Account Length        1.000000       0.011789  0.004564 -0.002186   -0.044533   \n",
       "VMail Message         0.011789       1.000000 -0.104007 -0.033322   -0.030805   \n",
       "Day Mins              0.004564      -0.104007  1.000000  0.139616    0.068947   \n",
       "Eve Mins             -0.002186      -0.033322  0.139616  1.000000   -0.002052   \n",
       "Night Mins           -0.044533      -0.030805  0.068947 -0.002052    1.000000   \n",
       "Intl Mins             0.011056       0.019169  0.006526  0.003427   -0.029546   \n",
       "CustServ Calls        0.008875       0.012681 -0.189754 -0.091823   -0.046834   \n",
       "Intl Plan             0.036037       0.045794  0.003526  0.029898   -0.077787   \n",
       "VMail Plan            0.018248       0.961267 -0.107875 -0.027109   -0.034514   \n",
       "Day Calls             0.032344      -0.004139  0.033672  0.017075    0.016829   \n",
       "Day Charge            0.004566      -0.104004  1.000000  0.139618    0.068944   \n",
       "Eve Calls             0.043553       0.003754  0.015095  0.011644   -0.011866   \n",
       "Eve Charge           -0.002178      -0.033291  0.139588  1.000000   -0.002053   \n",
       "Night Calls          -0.009046       0.008852  0.051255  0.043977    0.003351   \n",
       "Night Charge         -0.044525      -0.030863  0.068926 -0.002114    0.999999   \n",
       "Intl Calls            0.022312       0.043756  0.037390 -0.015453   -0.004103   \n",
       "Intl Charge           0.011036       0.019177  0.006770  0.003376   -0.029493   \n",
       "Area Code            -0.053540       0.013022 -0.027064  0.005082   -0.001191   \n",
       "Churn                 0.015886      -0.135798  0.252872  0.124518    0.055394   \n",
       "\n",
       "                Intl Mins  CustServ Calls  Intl Plan  VMail Plan  Day Calls  \\\n",
       "Account Length   0.011056        0.008875   0.036037    0.018248   0.032344   \n",
       "VMail Message    0.019169        0.012681   0.045794    0.961267  -0.004139   \n",
       "Day Mins         0.006526       -0.189754   0.003526   -0.107875   0.033672   \n",
       "Eve Mins         0.003427       -0.091823   0.029898   -0.027109   0.017075   \n",
       "Night Mins      -0.029546       -0.046834  -0.077787   -0.034514   0.016829   \n",
       "Intl Mins        1.000000       -0.036683   0.158024    0.020768   0.011332   \n",
       "CustServ Calls  -0.036683        1.000000  -0.065908    0.008368  -0.006075   \n",
       "Intl Plan        0.158024       -0.065908   1.000000    0.054449  -0.047392   \n",
       "VMail Plan       0.020768        0.008368   0.054449    1.000000  -0.004035   \n",
       "Day Calls        0.011332       -0.006075  -0.047392   -0.004035   1.000000   \n",
       "Day Charge       0.006524       -0.189754   0.003527   -0.107872   0.033667   \n",
       "Eve Calls       -0.007976        0.003466  -0.016155    0.005710   0.011825   \n",
       "Eve Charge       0.003414       -0.091831   0.029915   -0.027085   0.017072   \n",
       "Night Calls      0.033223       -0.023973   0.017933    0.021642  -0.020394   \n",
       "Night Charge    -0.029574       -0.046838  -0.077805   -0.034566   0.016806   \n",
       "Intl Calls       0.037316       -0.034975  -0.044742    0.043064   0.023909   \n",
       "Intl Charge      0.999993       -0.036798   0.157794    0.020793   0.011476   \n",
       "Area Code       -0.015421        0.012072   0.050064    0.004742  -0.000091   \n",
       "Churn            0.088293        0.251015   0.291062   -0.152296   0.014876   \n",
       "\n",
       "                Day Charge  Eve Calls  Eve Charge  Night Calls  Night Charge  \\\n",
       "Account Length    0.004566   0.043553   -0.002178    -0.009046     -0.044525   \n",
       "VMail Message    -0.104004   0.003754   -0.033291     0.008852     -0.030863   \n",
       "Day Mins          1.000000   0.015095    0.139588     0.051255      0.068926   \n",
       "Eve Mins          0.139618   0.011644    1.000000     0.043977     -0.002114   \n",
       "Night Mins        0.068944  -0.011866   -0.002053     0.003351      0.999999   \n",
       "Intl Mins         0.006524  -0.007976    0.003414     0.033223     -0.029574   \n",
       "CustServ Calls   -0.189754   0.003466   -0.091831    -0.023973     -0.046838   \n",
       "Intl Plan         0.003527  -0.016155    0.029915     0.017933     -0.077805   \n",
       "VMail Plan       -0.107872   0.005710   -0.027085     0.021642     -0.034566   \n",
       "Day Calls         0.033667   0.011825    0.017072    -0.020394      0.016806   \n",
       "Day Charge        1.000000   0.015091    0.139590     0.051258      0.068923   \n",
       "Eve Calls         0.015091   1.000000    0.011658     0.015058     -0.011861   \n",
       "Eve Charge        0.139590   0.011658    1.000000     0.043963     -0.002115   \n",
       "Night Calls       0.051258   0.015058    0.043963     1.000000      0.003344   \n",
       "Night Charge      0.068923  -0.011861   -0.002115     0.003344      1.000000   \n",
       "Intl Calls        0.037397   0.024087   -0.015438     0.008452     -0.004094   \n",
       "Intl Charge       0.006767  -0.007943    0.003363     0.033313     -0.029520   \n",
       "Area Code        -0.027066  -0.008776    0.005110     0.020900     -0.001226   \n",
       "Churn             0.252870   0.009665    0.124499    -0.000223      0.055383   \n",
       "\n",
       "                Intl Calls  Intl Charge  Area Code     Churn  \n",
       "Account Length    0.022312     0.011036  -0.053540  0.015886  \n",
       "VMail Message     0.043756     0.019177   0.013022 -0.135798  \n",
       "Day Mins          0.037390     0.006770  -0.027064  0.252872  \n",
       "Eve Mins         -0.015453     0.003376   0.005082  0.124518  \n",
       "Night Mins       -0.004103    -0.029493  -0.001191  0.055394  \n",
       "Intl Mins         0.037316     0.999993  -0.015421  0.088293  \n",
       "CustServ Calls   -0.034975    -0.036798   0.012072  0.251015  \n",
       "Intl Plan        -0.044742     0.157794   0.050064  0.291062  \n",
       "VMail Plan        0.043064     0.020793   0.004742 -0.152296  \n",
       "Day Calls         0.023909     0.011476  -0.000091  0.014876  \n",
       "Day Charge        0.037397     0.006767  -0.027066  0.252870  \n",
       "Eve Calls         0.024087    -0.007943  -0.008776  0.009665  \n",
       "Eve Charge       -0.015438     0.003363   0.005110  0.124499  \n",
       "Night Calls       0.008452     0.033313   0.020900 -0.000223  \n",
       "Night Charge     -0.004094    -0.029520  -0.001226  0.055383  \n",
       "Intl Calls        1.000000     0.037448  -0.039209 -0.071431  \n",
       "Intl Charge       0.037448     1.000000  -0.015576  0.088304  \n",
       "Area Code        -0.039209    -0.015576   1.000000  0.018452  \n",
       "Churn            -0.071431     0.088304   0.018452  1.000000  "
      ]
     },
     "execution_count": 4,
     "metadata": {},
     "output_type": "execute_result"
    }
   ],
   "source": [
    "# Check input variables correlation\n",
    "# Any signs of multicollinearity\n",
    "churn.corr()"
   ]
  },
  {
   "cell_type": "code",
   "execution_count": 6,
   "id": "78933760",
   "metadata": {},
   "outputs": [
    {
     "data": {
      "text/plain": [
       "<AxesSubplot:>"
      ]
     },
     "execution_count": 6,
     "metadata": {},
     "output_type": "execute_result"
    },
    {
     "data": {
